126
0
0.207571
0.129815
0.113463
0.117341
0.0978759
0.0890431
0.0674468
0.042317
0.0344141
0.0238345
0.0241957
0.0177372
0.00988181
0.0120707
0.00216246
0.00142574
0.000579368
0.000619201
0.0044174
0.0025351
0.000189756
0.000278705
0.000182585
3.31372e-05
0.000126276
0.000112656
2.52968e-05
3.72065e-05
1.5115e-05
6.61794e-06
7.4603e-06
3.35217e-06
4.41052e-06
4.81226e-06
1.14302e-05
8.81672e-06
8.55321e-06
3.51546e-05
1.09464e-05
1.23719e-05
2.32837e-06
1.50156e-05
8.02619e-06
2.99578e-05
5.35656e-07
1.19659e-05
2.00007e-06
3.87486e-06
8.96359e-06
1.38147e-05
1.43288e-05
1.78667e-05
5.27016e-06
8.16443e-07
2.59188e-08
4.3198e-09
8.63961e-09
4.30684e-06
9.50357e-08
5.87493e-07
2.46229e-07
0
4.3198e-09
0
0
4.3198e-09
0
0
4.3198e-09
0
0
0
0
0
0
0
0
0
0
0
0
0
0
0
0
0
0
0
0
0
0
0
0
0
0
0
0
0
0
0
0
0
0
0
0
0
0
0
0
0
0
0
0
4.3198e-09
0
4.3198e-09
0
0
0
0
2.59188e-08
4.3198e-09
8.63961e-09
2.59188e-08
0
