errmodel	readA	readT	readG	readC	readN	pos
refA	1.0	0.0	0.0	0.0	0.0	0
refT	0.0	1.0	0.0	0.0	0.0	0
refG	0.0	0.0	1.0	0.0	0.0	0
refC	0.0	0.0	0.0	1.0	0.0	0
refN	0.0	0.0	0.0	0.0	1.0	0
refA	0.9977095074191024	6.235356654606447e-05	0.0006866686515885351	2.8059104945729014e-05	0.0015081768908329345	1
refT	6.801903826380079e-05	0.9981911376363727	6.890240239709691e-05	0.00017755619079251896	0.001491118657003841	1
refG	0.0002290866483467405	0.0002532563406035067	0.9980289197069071	4.203424740307165e-05	0.0014428255421104345	1
refC	0.0002091300191204589	0.0001590159131561093	7.709862456053784e-05	0.9980378524526844	0.0015130605070005551	1
refN	0.0	0.0	0.0	0.0	1.0	1
refA	0.99524823677572	0.0012004343687242055	0.001912437621815655	0.001616418763856409	0.0	2
refT	0.001903686237031788	0.9951839900406078	0.0015846705971203521	0.0013045703402335736	0.0	2
refG	0.001202391422941183	0.0006578740950435765	0.9974755033519592	0.0006578740950435765	0.0	2
refC	0.0025961625505976885	0.001559421839234062	0.001934459019644189	0.9938726407064409	0.0	2
refN	0.0	0.0	0.0	0.0	1.0	2
refA	0.9994306554553744	2.632479532471635e-05	0.0005251459169904954	1.75498635498109e-05	0.0	3
refT	0.00013523298589297422	0.9996275426634895	7.403578025153335e-05	0.0001630498975481746	0.0	3
refG	0.00022767361771168122	0.00018935961084757952	0.9995577197800982	2.5051466026528028e-05	0.0	3
refC	0.00013229963220702247	0.00019429145986974157	0.00021545940102286515	0.9994576555288124	0.0	3
refN	0.0	0.0	0.0	0.0	1.0	3
refA	0.9994763254906512	3.866810475189577e-05	0.00047299378134015366	1.1738531799682646e-05	0.0	4
refT	9.78702713911343e-05	0.999708538741996	4.9158583803766085e-05	0.00014434747789651313	0.0	4
refG	0.0001653535576482295	0.00014616073399263143	0.9996425905098919	4.576750256334924e-05	0.0	4
refC	0.00013571219654869845	0.00016145071658379645	0.00015599103051574536	0.9995466406147584	0.0	4
refN	0.0	0.0	0.0	0.0	1.0	4
refA	0.9997406741799493	2.4851211765235304e-05	0.00021358609030661693	2.0821285533034983e-05	0.0	5
refT	4.758430352441075e-05	0.9997444370024348	2.9579431920579654e-05	0.0001783339663617556	0.0	5
refG	0.00015403267114024713	0.00020562256099583228	0.9995834224244078	5.674887884114368e-05	0.0	5
refC	9.77832849893841e-05	0.0002228176494020392	6.011267519839186e-05	0.999619141392355	0.0	5
refN	0.0	0.0	0.0	0.0	1.0	5
refA	0.9998204236762782	4.196240993559802e-05	0.00012175977964919426	1.5821892270799252e-05	0.0	6
refT	4.474742735520995e-05	0.9997819749085026	4.1203076673609165e-05	0.00013202706288962935	0.0	6
refG	0.00014772338614019897	0.00018556385943719573	0.9996374733200747	2.9108056382305213e-05	0.0	6
refC	9.150791314678937e-05	0.00016242654583555112	4.880422034495433e-05	0.9996971696422101	0.0	6
refN	0.0	0.0	0.0	0.0	1.0	6
refA	0.9998063385527125	2.234122497613551e-05	0.00015232653392819665	1.8956190888842252e-05	0.0	7
refT	5.355323520800384e-05	0.9998050633478263	1.9753242494755513e-05	0.00012159218157882839	0.0	7
refG	0.0001298965716791905	0.00016711412873334058	0.9996590877567975	4.3785361240176574e-05	0.0	7
refC	8.444433671710131e-05	0.00014386812922172817	3.987649233863117e-05	0.9997317390971104	0.0	7
refN	0.0	0.0	0.0	0.0	1.0	7
refA	0.9998250857251432	2.9490190053987624e-05	0.00012687639906948164	1.851709608041083e-05	0.0	8
refT	5.117029474089771e-05	0.9998060312663836	1.677009659575639e-05	0.00012599072570658007	0.0	8
refG	0.00018764304088106533	0.00015809295570294482	0.9996127439749909	4.137011924936873e-05	0.0	8
refC	0.00010265265177079655	0.0001386576863471207	3.753716370723157e-05	0.9997210747205575	0.0	8
refN	0.0	0.0	0.0	0.0	1.0	8
refA	0.9998062126679549	3.70712586531662e-05	0.00015318123858572448	3.4972885521854904e-06	0.0	9
refT	5.67880992638896e-05	0.9997616893915905	4.995644822462469e-05	0.0001315092825058496	0.0	9
refG	0.00017017481932858974	0.00018726661340962713	0.9995963221453359	4.607353187062255e-05	0.0	9
refC	8.632714352569142e-05	0.000169625264471534	4.316357176284571e-05	0.9997007945231006	0.0	9
refN	0.0	0.0	0.0	0.0	1.0	9
refA	0.9997932432717348	3.603895198727621e-05	0.00015367553111555516	1.699950565437557e-05	0.0	10
refT	5.068836611482725e-05	0.9997691336173141	2.2176160175236924e-05	0.00015794856941138134	0.0	10
refG	0.000184421863175142	0.00014841918869075172	0.9996317554679903	3.526792602552516e-05	0.0	10
refC	7.953390132543997e-05	0.00016131876212235465	4.576950925331923e-05	0.9997132956514756	0.0	10
refN	0.0	0.0	0.0	0.0	1.0	10
refA	0.999767716272987	3.366644794926672e-05	0.0001868831396367459	1.1680196227296619e-05	0.0	11
refT	8.097612561191688e-05	0.9997263571481424	7.528591137972814e-05	0.00011730595494050662	0.0	11
refG	0.00016634106807086863	0.0001502199072886699	0.9996393421953504	4.396680213326924e-05	0.0	11
refC	7.692766009437969e-05	0.0001802520662995759	4.8268335745493134e-05	0.9996944586108353	0.0	11
refN	0.0	0.0	0.0	0.0	1.0	11
refA	0.9997985532077439	3.554227405044634e-05	0.00015471342821958992	1.1150517349159635e-05	0.0	12
refT	5.827973755986624e-05	0.9997560289984364	4.4465281249379426e-05	0.00014116647542278713	0.0	12
refG	0.00014325216200570658	0.00013443664434381695	0.9996707789898206	5.142385302768954e-05	0.0	12
refC	6.912755818421974e-05	0.000155351179145182	4.68283458667295e-05	0.9997286192892948	0.0	12
refN	0.0	0.0	0.0	0.0	1.0	12
refA	0.9997860727188722	3.4849705519988356e-05	0.00016536526933014082	1.366655118430916e-05	0.0	13
refT	7.494176307004542e-05	0.9997194506439617	8.840435523831705e-05	0.0001171245518639632	0.0	13
refG	0.00015061380636354353	0.00013445037348550472	0.9996758916287438	3.8939179206184425e-05	0.0	13
refC	7.997144723143293e-05	0.00017105003991167597	5.257382179103461e-05	0.9996963124929633	0.0	13
refN	0.0	0.0	0.0	0.0	1.0	13
refA	0.9998104637684729	2.9417016307288785e-05	0.00014913743151137105	1.0945866532944663e-05	0.0	14
refT	6.010028909110071e-05	0.9996924358384565	7.66496440582154e-05	0.00017071966176602523	0.0	14
refG	0.0001507550439503195	0.00014105298666638804	0.9996543380573799	5.373447111100497e-05	0.0	14
refC	6.919442069761368e-05	0.00015698949212039233	5.431390011748171e-05	0.999719423485966	0.0	14
refN	0.0	0.0	0.0	0.0	1.0	14
refA	0.9997943563003653	3.1362928321769705e-05	0.00016517808916132045	9.060401515177915e-06	0.0	15
refT	6.466870742010485e-05	0.9997416924829473	4.817601693712509e-05	0.00014539608715258474	0.0	15
refG	0.00016606570244302754	0.00015191660671918215	0.9996498735074927	3.2021637690808e-05	0.0	15
refC	6.20155496607971e-05	0.00015577715450509745	4.798822295180727e-05	0.9997341484146015	0.0	15
refN	0.0	0.0	0.0	0.0	1.0	15
refA	0.9998051723639407	3.648004713497411e-05	0.00014454358298763325	1.376605552263174e-05	0.0	16
refT	7.855177160872697e-05	0.9997540769295307	3.8166397504805195e-05	0.00012914443806858502	0.0	16
refG	0.00016764670755960544	0.0001342657259658787	0.9996638518276666	3.4122781184698454e-05	0.0	16
refC	6.129075373596682e-05	0.00014768856321919715	5.1690997126719004e-05	0.9997392617191886	0.0	16
refN	0.0	0.0	0.0	0.0	1.0	16
refA	0.9998090166066563	2.874469848522283e-05	0.00014440789000909565	1.7794337157518893e-05	0.0	17
refT	7.309877907634471e-05	0.9996883628779253	8.354146180153681e-05	0.00015489979375701618	0.0	17
refG	0.00016965224992962025	0.00014742706434932065	0.999636856810417	4.593205019928583e-05	0.0	17
refC	5.9620026665056924e-05	0.00013116405866312524	5.663902533180408e-05	0.9997525156559938	0.0	17
refN	0.0	0.0	0.0	0.0	1.0	17
refA	0.9998040328778435	3.904629426263514e-05	0.0001485153692489515	8.367063056278958e-06	0.0	18
refT	6.956269129740107e-05	0.9997685082875346	4.725012993785733e-05	0.00011462531521961686	0.0	18
refG	0.00015571312181931964	0.00013947763044479342	0.9996626307859374	4.206468219763611e-05	0.0	18
refC	6.976640006110068e-05	0.00013806403380512555	4.332860635373621e-05	0.9997487778630693	0.0	18
refN	0.0	0.0	0.0	0.0	1.0	18
refA	0.9997055896015348	2.9569909110351463e-05	0.0001856715223208115	2.2005513756540623e-05	5.707680130602724e-05	19
refT	7.216993614297132e-05	0.9994512966737702	0.0002708600072526331	0.00015681368840941915	4.855878419496218e-05	19
refG	0.0001717805642771305	0.0001923355035923427	0.9995372998730145	5.432376819020366e-05	4.4046298532597566e-05	19
refC	9.487100852294665e-05	0.00015076400579227956	5.736386561852588e-05	0.9996520185864745	4.486148465038562e-05	19
refN	0.0	0.0	0.0	0.0	1.0	19
refA	0.9493861925931049	0.006300749178207869	0.0060004196385348854	0.008217235624294602	0.02765705932125524	20
refT	0.008537129379756285	0.9468290815484024	0.006734655118346723	0.0075756036588328305	0.027639116474022906	20
refG	0.008638955724799547	0.00570922291378057	0.9478049483590195	0.007112224674713489	0.028145467346883165	20
refC	0.010585833435227074	0.006848741519661787	0.006425604600409798	0.9455253131124329	0.027800317908473482	20
refN	0.0	0.0	0.0	0.0	1.0	20
refA	0.9997735543535743	2.856052183556384e-05	0.00016788014054563137	2.9953718022664515e-05	0.0	21
refT	8.505101502374972e-05	0.9997376534549125	2.1819370346406996e-05	0.00015540735205910288	0.0	21
refG	0.00015531839155543566	0.00014045538757883895	0.9996662141849307	3.790066014032162e-05	0.0	21
refC	0.00011742863980474144	0.00014715740937556207	5.797110066310021e-05	0.999677338773471	0.0	21
refN	0.0	0.0	0.0	0.0	1.0	21
refA	0.9997680718104246	3.47811617044406e-05	0.0001718598578337065	2.5233391824790238e-05	0.0	22
refT	5.082475534402063e-05	0.999759311604195	2.1589276606309647e-05	0.00016821644689082933	0.0	22
refG	0.00015324838215087825	0.00015176053378048137	0.9996509777831359	4.3891526926707844e-05	0.0	22
refC	0.0001391055661671331	0.00016004618903100258	5.5343074711655104e-05	0.9996453794589418	0.0	22
refN	0.0	0.0	0.0	0.0	1.0	22
refA	0.9997958236025184	3.07226164199413e-05	0.0001440549347690581	2.935716680127724e-05	0.0	23
refT	6.979195329895895e-05	0.999709634530813	3.645184821983843e-05	0.00018403738003674525	0.0	23
refG	0.00015327883419228718	0.00015624074403175166	0.9996474084521231	4.2947692672235054e-05	0.0	23
refC	8.114815624626662e-05	0.00018859432609086039	4.357956539151355e-05	0.9996865797507971	0.0	23
refN	0.0	0.0	0.0	0.0	1.0	23
refA	0.9997676035149968	2.6968324665437187e-05	0.00017079938954776887	3.457477521209896e-05	0.0	24
refT	4.504817749506766e-05	0.9997655195644614	2.4054852060473024e-05	0.00016532243779743277	0.0	24
refG	0.00016806249851927314	0.00017842758653367766	0.9995918932671277	6.145016465682674e-05	0.0	24
refC	0.00010559306231114007	0.00014228852368167812	4.418433103799478e-05	0.9997078487555481	0.0	24
refN	0.0	0.0	0.0	0.0	1.0	24
refA	0.9996584708784949	5.052905283973277e-05	0.0001474902082889497	0.0001433932580587011	0.0	25
refT	9.510994483170295e-05	0.9997254645244443	4.98194949118444e-05	0.00012953068677079544	0.0	25
refG	0.0001303257699957496	0.0001614262378356444	0.9996659286479888	4.220777778271436e-05	0.0	25
refC	0.00014211908532156688	0.0001458590612510818	4.712369671188796e-05	0.9996647858258279	0.0	25
refN	0.0	0.0	0.0	0.0	1.0	25
refA	0.999704055873155	3.766692439974332e-05	0.00019655286004956966	6.163678538139816e-05	0.0	26
refT	0.00011696327753340014	0.9996952689729541	5.648036595719322e-05	0.00013119455084544882	0.0	26
refG	0.00016865352352716652	0.0001708726488367345	0.9996122424816481	4.8081048373972914e-05	0.0	26
refC	0.00012308407926312658	0.0001691462193554623	4.6062140092335716e-05	0.9996615930807871	0.0	26
refN	0.0	0.0	0.0	0.0	1.0	26
refA	0.9996379228335085	4.541529187926414e-05	0.0001809730570340374	0.00013555776515477324	0.0	27
refT	0.00011620903077232876	0.9996619037392914	5.7217423548207674e-05	0.00016455553594096935	0.0	27
refG	0.000192268015697944	0.00016046984387097632	0.9995931137084431	5.398294286903812e-05	0.0	27
refC	0.00018722052115927544	0.0001775238407805082	4.848340189383627e-05	0.9995866014083908	0.0	27
refN	0.0	0.0	0.0	0.0	1.0	27
refA	0.9906155682379411	5.4365517039851965e-05	0.00016853310282354108	8.970310311575574e-05	0.008984581259798535	28
refT	0.00013857286201708824	0.9908713674045732	5.0554268879198316e-05	0.00017152341226870857	0.008685403944406554	28
refG	0.00015072731498222086	0.00018191227670268036	0.9904237392318602	3.34124589862066e-05	0.009119373805968653	28
refC	0.00020547391408519972	0.00019879786633513909	4.005628650036384e-05	0.9904610349979219	0.009004504848665124	28
refN	0.0	0.0	0.0	0.0	1.0	28
refA	0.9846775412038158	0.002978969184248972	0.003103319403390752	0.003903101960384602	0.005105833588149356	29
refT	0.0033672206114227416	0.9852055723843414	0.003122576239654702	0.003118095573505104	0.0049708510263637914	29
refG	0.0030567493785627026	0.002292934263510259	0.986945179558459	0.0028617010743290376	0.004675203628196243	29
refC	0.004839093033700451	0.0033560242359533966	0.003336529903930432	0.983341299079861	0.004854088673718116	29
refN	0.0	0.0	0.0	0.0	1.0	29
refA	0.9997342692197015	3.441194121889849e-05	0.0001755009002163823	5.574734477461555e-05	0.0	30
refT	6.686649860001037e-05	0.9996606813394671	0.00010583505407551309	0.0001665020097589662	0.0	30
refG	0.0001600602719982371	0.00012953715036136397	0.9996626429578394	4.764584840877755e-05	0.0	30
refC	0.00012583777054189915	0.00015711106262923503	4.1697722783114505e-05	0.9996752480144321	0.0	30
refN	0.0	0.0	0.0	0.0	1.0	30
refA	0.9997232273459542	2.991308887994518e-05	0.00015228481611608455	9.449816714346318e-05	0.0	31
refT	7.870056817313045e-05	0.9996787985446065	0.00010118644479402487	0.00014121130517921694	0.0	31
refG	0.00015702319905606626	0.00014655498578566183	0.9996506883384508	4.5611500678190673e-05	0.0	31
refC	0.00016603846310647588	0.0001430599258015618	5.114577658190551e-05	0.9996396260118835	0.0	31
refN	0.0	0.0	0.0	0.0	1.0	31
refA	0.9988213671054027	0.00019213404574555478	0.00024237404357301434	0.0007427372651789291	0.0	32
refT	0.0002881320149191305	0.9992634155372815	0.00013853351869383694	0.0003093767717795272	0.0	32
refG	0.00024940913787574676	0.000150684687466597	0.9994786413780503	0.00012099312343377	0.0	32
refC	0.0005885881551707808	0.00032774512854975786	0.00010373584344006098	0.9989788892693076	0.0	32
refN	0.0	0.0	0.0	0.0	1.0	32
refA	0.9997505588375355	3.2975729862820967e-05	0.00017106159866338375	4.534162856137883e-05	0.0	33
refT	4.726127476786181e-05	0.9996379701463266	0.00011158912097967371	0.00020217323095140884	8.752087919974409e-07	33
refG	0.0001998225279918058	0.00014431627021630419	0.9996209336433978	3.478392153931434e-05	0.0	33
refC	0.00011745070623782946	0.0002057257593337777	5.236655692132523e-05	0.9996228185779812	1.4961873406092924e-06	33
refN	0.0	0.0	0.0	0.0	1.0	33
refA	0.9997146118721462	3.650844088674946e-05	0.0001744292175700252	7.436904625078595e-05	0.0	34
refT	7.414847220443408e-05	0.9995922418963135	0.00017346248649037307	0.00015998094608956687	0.0	34
refG	0.00017296897518118872	0.00018937120558630146	0.999592760687235	4.473335565030743e-05	0.0	34
refC	0.00016365322032753165	0.00019443203699463622	5.329990203327866e-05	0.9995884455332447	0.0	34
refN	0.0	0.0	0.0	0.0	1.0	34
refA	0.9996891790790995	3.603586452418721e-05	0.0001835789324817084	8.635009046361839e-05	4.759453805081329e-06	35
refT	0.00010100407629813095	0.9995025688269206	0.00022247018529459014	0.00017196814714552468	1.7414495913470853e-06	35
refG	0.00017150880772296706	0.00020730195020428192	0.9995673123907557	5.368971372197229e-05	0.0	35
refC	0.00017657441095761685	0.00016823827996820145	9.09396107936224e-05	0.9995625407511866	1.5156601798937068e-06	35
refN	0.0	0.0	0.0	0.0	1.0	35
refA	0.9997181481575917	3.513543677481492e-05	0.00017981076467111164	6.682622288543229e-05	0.0	36
refT	8.477172155198669e-05	0.9996529272786483	0.00011535945613260045	0.00014682112598694602	0.0	36
refG	0.00017465176006430767	0.0001447967583439132	0.9996490806285787	3.13477518064142e-05	0.0	36
refC	0.00016526107510928917	0.00016900001346017806	5.533628759315565e-05	0.9996102507785634	0.0	36
refN	0.0	0.0	0.0	0.0	1.0	36
refA	0.9997000781841643	3.7478986213866e-05	0.00017444764492272174	8.790525857434025e-05	0.0	37
refT	7.955399983289215e-05	0.9996674515048264	0.0001039979662619931	0.00014888597734088755	0.0	37
refG	0.00015773058425789247	0.00014731441359935242	0.9996509364801149	4.389671920384744e-05	0.0	37
refC	0.0001823639774859287	0.00017410881801125703	5.178236397748593e-05	0.9995915781001775	0.0	37
refN	0.0	0.0	0.0	0.0	1.0	37
refA	0.9997513546416518	3.9393021458329654e-05	0.00013583800502872296	7.335252271551039e-05	0.0	38
refT	7.085473554563395e-05	0.9996145241692471	0.0001683893406485745	0.00014608322019902308	0.0	38
refG	0.00017869973882921015	0.00016449348344111395	0.9996185287326402	3.8132580252258236e-05	0.0	38
refC	0.00015129966411474568	0.000183829091899416	5.2954882440160984e-05	0.9996117656941637	0.0	38
refN	0.0	0.0	0.0	0.0	1.0	38
refA	0.9996196083277471	4.416662411028406e-05	0.00020634094701523336	0.00011179676727915652	1.79426910448029e-05	39
refT	9.669672754963154e-05	0.9993784237448177	0.0003121059554392125	0.00018519150053032113	2.719595462333387e-05	39
refG	0.0002010794002003319	0.000435049111214101	0.99923396640823	0.00011586359491097191	1.3455127150951576e-05	39
refC	0.000165505619668086	0.00020838662112754465	9.855107352963302e-05	0.999513025990262	1.4293667153152882e-05	39
refN	0.0	0.0	0.0	0.0	1.0	39
refA	0.9996460515422185	3.863586913421084e-05	0.00016403298825401797	0.00015115436520928103	0.0	40
refT	0.00012238458577268065	0.9995013123943907	0.00017667883837001533	0.00019937561609513065	0.0	40
refG	0.00017528549437625707	0.0001640492447367534	0.9996155725346434	4.494499855801463e-05	0.0	40
refC	0.00019947169771999384	0.00016746691039924857	6.5498169400595e-05	0.9995673761400122	0.0	40
refN	0.0	0.0	0.0	0.0	1.0	40
refA	0.9996433947728751	4.1498405372750925e-05	0.00022994198386868544	8.503771592776829e-05	0.0	41
refT	0.00010223354299873508	0.9994430369871118	0.000336590944533971	0.00011782849023583025	0.0	41
refG	0.00018058508067507348	0.0002854892769178548	0.9994699530079979	6.369183343311721e-05	0.0	41
refC	0.0001621317535416362	0.0001938040030707	0.0001093446709931965	0.9995345029857446	0.0	41
refN	0.0	0.0	0.0	0.0	1.0	41
refA	0.9996406742909008	3.5161283428211345e-05	0.00019855783582989936	0.00012547752125361696	0.0	42
refT	0.00010465131867148178	0.9995041740669192	0.00023697901914038023	0.00015394987374813023	0.0	42
refG	0.00018086874032802535	0.000194377608900243	0.9995742894876533	5.028301079658796e-05	0.0	42
refC	0.00021800528906302675	0.00019627967606361858	8.165833851501689e-05	0.9995038106145553	0.0	42
refN	0.0	0.0	0.0	0.0	1.0	42
refA	0.9996165266819377	4.4777942114333014e-05	0.00018793166614651885	0.00014586753870578177	4.749175678792895e-06	43
refT	0.00010206245692169026	0.9994279464515439	0.00023063464291394941	0.0002385875616351201	4.4182881784281496e-07	43
refG	0.00018046252545273535	0.00015339314663482506	0.9996103499478711	5.188297606766142e-05	3.7596359469319867e-06	43
refC	0.00020917851324309917	0.00019343389396673686	7.347488995635741e-05	0.9995221850171623	1.4994875501297432e-06	43
refN	0.0	0.0	0.0	0.0	1.0	43
refA	0.9996029172705916	4.6059569925539285e-05	0.000182206239852501	0.00016865930752146002	0.0	44
refT	0.0001163762874126795	0.9995425983216641	0.00016100178108220323	0.00017981448919778675	0.0	44
refG	0.00018148024360698032	0.0001587952131561078	0.9995915026499375	6.805509135261762e-05	0.0	44
refC	0.0002234946687051401	0.00017803812591765395	7.4245686552894e-05	0.9995239950459103	0.0	44
refN	0.0	0.0	0.0	0.0	1.0	44
refA	0.9996531855802578	3.591254466622743e-05	0.0001878502336387281	0.00012293140289593236	0.0	45
refT	8.834158285707883e-05	0.999505904995792	0.00023658306823676233	0.00016892634380475562	0.0	45
refG	0.00016461767544877022	0.00016536593760990101	0.9996129987506671	5.6867924245938805e-05	0.0	45
refC	0.00016177832757327242	0.00019262907841282668	6.094904434155844e-05	0.9995844709570041	0.0	45
refN	0.0	0.0	0.0	0.0	1.0	45
refA	0.9884743196062761	0.0033438614407441166	0.0037276726519854904	0.004307820681765968	1.4997951416181562e-05	46
refT	0.004101045272924963	0.9879341244330268	0.004226451341778232	0.003586524628729107	8.004642692761803e-06	46
refG	0.004163395855497999	0.0027268630877806993	0.989603368981162	0.0033858987364359743	1.3495610552667745e-05	46
refC	0.005226689683281786	0.0037349552854300033	0.003982953319427462	0.9868648776666484	2.0229446881967922e-05	46
refN	0.0	0.0	0.0	0.0	1.0	46
refA	0.9995310899015494	5.192487563650674e-05	0.0002022337261632368	0.00021111561278527082	3.4161102392438644e-06	47
refT	0.0001027350800345787	0.999459250981343	0.0002498130792293815	0.00018659149151579465	1.3171164106997268e-06	47
refG	0.0001793784983478493	0.0001838629608065455	0.9995693061866624	6.577211606087808e-05	1.4948208195654107e-06	47
refC	0.00025978105894009326	0.0002318394915540949	8.382470215799522e-05	0.9994143947070349	9.817307459945386e-06	47
refN	0.0	0.0	0.0	0.0	1.0	47
refA	0.9994980530647298	5.1544018247956965e-05	0.00019036924072912106	0.0002597818519697031	0.0	48
refT	0.00011789264056286943	0.9994825825445275	0.0001985329597582894	0.00020072427277990408	0.0	48
refG	0.00017589664432431464	0.0001669527471552817	0.9996122808548015	4.471948584516474e-05	0.0	48
refC	0.00030525030525030525	0.0002180359323216466	7.368110816386678e-05	0.999402676071384	0.0	48
refN	0.0	0.0	0.0	0.0	1.0	48
refA	0.9994361170737387	6.427213498501444e-05	0.00022190800289562882	0.00027467880846227227	2.706195157263766e-06	49
refT	8.876221096805054e-05	0.9993670568096792	0.0003424966120181344	0.00019904253368593152	2.24146997394067e-06	49
refG	0.00015586069949982204	0.00024952698525692663	0.9995231987069388	7.043704688934265e-05	7.493302860568367e-07	49
refC	0.0003307383096728235	0.00025366580764499356	0.0001257104887444216	0.9992818873109712	7.4827671871679525e-06	49
refN	0.0	0.0	0.0	0.0	1.0	49
refA	0.9723193765768321	0.0043250762866931134	0.004392036393501317	0.006029142678322281	0.012188789238280956	50
refT	0.004818310964249792	0.9727532650367448	0.005299191533045525	0.004211269455572339	0.012195269483224051	50
refG	0.005106956010742943	0.0034184141984799367	0.9745631582678598	0.004000048093758783	0.012280440719182046	50
refC	0.0070492875043887794	0.0047989031078610606	0.0045363330387302205	0.9707755366514879	0.012010121432981828	50
refN	0.0	0.0	0.0	0.0	1.0	50
refA	0.9991995871336226	7.465467030631225e-05	0.00021774278839341077	0.0005053015184621691	2.073740841842007e-06	51
refT	0.00012745231917702217	0.9992564091328924	0.0003142956850453778	0.00029998981248469163	1.3005338691532874e-06	51
refG	0.00014868166433806775	0.00021218890789955397	0.9995530081505002	8.143870056708233e-05	4.482864251399027e-06	51
refC	0.0004120213464857603	0.00028501293142225986	0.0001247404076516522	0.9991737631984141	3.78001235308037e-06	51
refN	0.0	0.0	0.0	0.0	1.0	51
refA	0.9992072657720225	6.908699146673052e-05	0.00019905261897840176	0.0005191784804282026	4.7882073293773625e-06	52
refT	0.0001428600674513141	0.9993400051303245	0.00027014349203410484	0.00024255058180986348	4.0054224519060026e-06	52
refG	0.0001509708095697556	0.00018236077987633846	0.9995723156639388	8.445396772961576e-05	9.715943190132787e-06	52
refC	0.000482030795742463	0.0002809335731436542	0.00012050769893561575	0.999109710637111	6.0253849467807875e-06	52
refN	0.0	0.0	0.0	0.0	1.0	52
refA	0.9991731940224383	9.133702407616689e-05	0.00020244101604941468	0.0005262103178119466	6.134576243921657e-06	53
refT	0.0001231058241321587	0.99928670446943	0.00028038337168890236	0.00029703113438293095	1.2266772511389478e-05	53
refG	0.00016286584390907773	0.00017625207765502933	0.9995506156342606	0.00010188411239974269	8.18047617808153e-06	53
refC	0.000529114205043918	0.00031701239009096813	0.00012543655723023917	0.9990183515001719	9.122658707653759e-06	53
refN	0.0	0.0	0.0	0.0	1.0	53
refA	0.9817089914872786	0.002334622835990849	0.002592569347264284	0.00353193605409428	0.00950332882041888	54
refT	0.00239487790788858	0.9827345686608885	0.0031215935205655765	0.002198725180091103	0.009257198999534677	54
refG	0.0027030930352362433	0.0021611344206253964	0.983197825413923	0.0023241686741965165	0.00933613047504757	54
refC	0.003505466850016367	0.002471289871189024	0.0026345809731091307	0.9814867714805116	0.00956538107682922	54
refN	0.0	0.0	0.0	0.0	1.0	54
refA	0.9990557463173086	8.897087188737782e-05	0.00022548343104282013	0.000619400268406783	9.508337453612897e-06	55
refT	0.0001675082593947162	0.9990895887976069	0.0004388804791001403	0.0002837475000828702	1.944686916455808e-05	55
refG	0.0001714479943579385	0.0001871702995174001	0.9995206143327326	0.00011230217971044006	8.235493178765604e-06	55
refC	0.0005414627358690325	0.0003486233536810391	0.00015880890297834753	0.9989356048504926	1.4368424555183825e-05	55
refN	0.0	0.0	0.0	0.0	1.0	55
refA	0.9990526499845638	9.962667292631516e-05	0.00022313645237606204	0.0006230078930255187	6.82374472098049e-07	56
refT	0.0001397336840374815	0.9991595943711441	0.00041271187173918687	0.00028725438452287217	0.0	56
refG	0.00016848436806486425	0.0002182132344100004	0.999489090447328	0.00012395105491996622	0.0	56
refC	0.000564973036756615	0.00035642594265182417	0.0001440870831996736	0.9989333774659478	0.0	56
refN	0.0	0.0	0.0	0.0	1.0	56
refA	0.9989478721633468	9.28391243469218e-05	0.00026396795803117315	0.000666501773296558	2.7713171446842326e-05	57
refT	0.00015825281950160335	0.9989913684751436	0.0004925348026132093	0.0003078342516332558	4.89933386402224e-05	57
refG	0.00016155926927780042	0.00018008670841516286	0.9995291814801496	9.856597621076815e-05	3.038500018527439e-05	57
refC	0.0006746048178529347	0.00037795939571671117	0.00019274423367226704	0.9987244561411179	2.861047218572714e-05	57
refN	0.0	0.0	0.0	0.0	1.0	57
refA	0.9987559025287854	0.00014053873632703364	0.00025742912759903756	0.0008439080849637741	6.756670015722772e-07	58
refT	0.00020201124365019536	0.9989615434799862	0.0004210433903130458	0.00041432461280805033	0.0	58
refG	0.000180335691550271	0.0001974045018616135	0.9994765299803532	0.0001447138265526866	7.421221874496748e-07	58
refC	0.0008382319179493751	0.0003950902033646736	0.00018839243287852196	0.9985762612957703	0.0	58
refN	0.0	0.0	0.0	0.0	1.0	58
refA	0.9984834526159246	0.00015490534737353548	0.0002477120753153893	0.0011109511256568976	6.824024113371607e-07	59
refT	0.0002633401197377305	0.9988624596112654	0.00048221461270007374	0.0003889663080060577	1.7268204572965936e-06	59
refG	0.00018765942706761005	0.00022029584916632484	0.9994441302679604	0.0001461221625783367	1.4834737317597633e-06	59
refC	0.0008940425303322155	0.00044433530048270623	0.0001803433430283868	0.998477429291924	1.5348369619437176e-06	59
refN	0.0	0.0	0.0	0.0	1.0	59
refA	0.9985489151775592	0.0001560123788229073	0.00025817977734410324	0.0010285771878147428	6.2128823425051585e-06	60
refT	0.00022450531899908768	0.9987641286608023	0.0005382926760557276	0.00046244628450198174	9.1015669864495e-06	60
refG	0.00019943668404261866	0.0002476277043503146	0.9994035586185409	0.0001341934565491226	1.4828006248521832e-05	60
refC	0.0008936881572709697	0.0004173569059336508	0.0002026298021561928	0.9984711379004839	1.285338297259432e-05	60
refN	0.0	0.0	0.0	0.0	1.0	60
refA	0.9980161343542796	0.00018159593008285654	0.00026968350810812274	0.0014825816978406346	4.607657927475464e-05	61
refT	0.0002811712537261854	0.9987101921947058	0.0005068189581383532	0.00045973498832006614	4.042114390060485e-05	61
refG	0.0002152474116312551	0.00020705460357608625	0.9993553320375383	0.00019290338966261272	2.9047228559235118e-05	61
refC	0.0011166752834521649	0.0005200129852953553	0.00024197136020968847	0.9980800881804205	3.7573192579144174e-05	61
refN	0.0	0.0	0.0	0.0	1.0	61
refA	0.9980602405356416	0.00017258951119648871	0.00031925648711445345	0.0012715685726097034	0.00017258951119648871	62
refT	0.00020301494852026375	0.9985786433203528	0.0006452344668187514	0.00040558856019591827	0.00016550131672847588	62
refG	0.00018841662266555156	0.00029044459620381467	0.9991353665635815	0.00022267419042292457	0.00016235108198059384	62
refC	0.0009263317713722814	0.0005603177543910385	0.0002748870703665713	0.9980766168981543	0.0001581542048684383	62
refN	0.0	0.0	0.0	0.0	1.0	62
refA	0.9980287881227057	0.0001606690452121314	0.00032409635729485734	0.0014011995702620215	8.136887268253866e-05	63
refT	0.0001960964602845839	0.9986525292784705	0.0005647578056196017	0.0005059288675342264	7.887435402557707e-05	63
refG	0.00020799178729571306	0.00027038932348442696	0.9992536442455153	0.00018867826418968257	7.87397480476628e-05	63
refC	0.0010673270185671058	0.000539710687859004	0.00025700508945666856	0.9980573568237898	7.483383487120644e-05	63
refN	0.0	0.0	0.0	0.0	1.0	63
refA	0.9977993601868834	0.00020879960696544572	0.0004216933238713904	0.0014370325891151265	0.00012828211146896664	64
refT	0.00030486135929001573	0.9980169241499128	0.0009426224218631435	0.0005950359669646	0.0001366312953314377	64
refG	0.0002263489398215098	0.0005614341350474704	0.9987928295556798	0.0003239896589602003	9.394220705010375e-05	64
refC	0.0011576759110013106	0.0006078363436421975	0.0003788620580570327	0.997742834064333	0.00010770829881144269	64
refN	0.0	0.0	0.0	0.0	1.0	64
refA	0.9907950383146814	0.002418468656178613	0.002797364371150014	0.003739446275888342	0.00016572389711090298	65
refT	0.0024822595696774767	0.9911613373864477	0.0035056280891459907	0.00269104775778119	8.228968420020555e-05	65
refG	0.0029906998163174666	0.0023092368730968696	0.9918238371037738	0.0026611276723799942	0.0001487910356376849	65
refC	0.003907065188320392	0.0028259547862301945	0.0026684968949153157	0.990384096107316	0.00012280208748480982	65
refN	0.0	0.0	0.0	0.0	1.0	65
refA	0.9963539183441018	0.00034956308062289795	0.00040609991023054614	0.0027399678153755356	0.00013720523282831695	66
refT	0.0003655123438740131	0.9976434320317907	0.0008637404792737096	0.0010256102315607724	9.616455713828202e-05	66
refG	0.00023249716063771075	0.0003506027470319472	0.998936663040415	0.0003632303883445385	0.00011587717910377916	66
refC	0.0016047746553791505	0.0008669990413424811	0.0004575410885420893	0.996939637534317	0.00012171043734617152	66
refN	0.0	0.0	0.0	0.0	1.0	66
refA	0.9895850858153075	0.002644276863635154	0.002861960558989893	0.004692141345640082	0.00010918304469203217	67
refT	0.002403093228122931	0.990668762408265	0.003754199906519453	0.0030361353855587973	5.1542054572022535e-05	67
refG	0.0030148140565798786	0.0025381222677080166	0.9913361645043504	0.00293412014874577	0.0001023617164191929	67
refC	0.004213213551893631	0.0031391839316803633	0.0027926263908048723	0.989681627577235	6.79671039217019e-05	67
refN	0.0	0.0	0.0	0.0	1.0	67
refA	0.9872538646265833	0.003338732649085729	0.0031807872790388715	0.005725006854555561	0.0003411893491488386	68
refT	0.0032735256238190956	0.988743490216536	0.0038969294084833625	0.003580418651052136	0.00038033751238282764	68
refG	0.004096494883822842	0.0034687703335008744	0.9884362635420691	0.003499860464530972	0.0003664194014261487	68
refC	0.005483523457420259	0.0038213021787294396	0.0031799015766259165	0.9869419418999543	0.00040501587315926684	68
refN	0.0	0.0	0.0	0.0	1.0	68
refA	0.977491988691914	0.0030828220646818795	0.002628591498075915	0.00834277054373542	0.00795836842039765	69
refT	0.0029827080938496873	0.9805794360039476	0.0033828274722929384	0.004630516267942374	0.008054538944587629	69
refG	0.003455165450123457	0.0028121372317042545	0.9816497289027332	0.0035699919176983147	0.008182311834608401	69
refC	0.00562838537273748	0.0039452202196809194	0.0026811743365245354	0.979362427178796	0.007965495485921978	69
refN	0.0	0.0	0.0	0.0	1.0	69
refA	0.9470644299053366	0.00946615487225557	0.008880858072331795	0.014169627179550002	0.01775763267861761	70
refT	0.008612643628155177	0.9528890746554644	0.009459421275916308	0.009370617264127799	0.017548659440651336	70
refG	0.010410671739927777	0.008274117124343602	0.9518793961054081	0.00938488696984968	0.017841647458051665	70
refC	0.012730772205596244	0.009944846707163979	0.0086024560171826	0.948334805042239	0.017848962082854882	70
refN	0.0	0.0	0.0	0.0	1.0	70
refA	0.9565996039090288	0.0015306195628342894	0.0011897988748136243	0.010217790566711722	0.02865694109675961	71
refT	0.0010933694513803789	0.9634057265733159	0.0023008143671904924	0.003930338501390624	0.027977885154964938	71
refG	0.0006885007690620725	0.00134940183232209	0.9658623509264544	0.0017499705354492112	0.0292228668784136	71
refC	0.004953983633595342	0.002718428728578133	0.0013075317753610614	0.9607517350234408	0.028786070297374827	71
refN	0.0	0.0	0.0	0.0	1.0	71
refA	0.9552741983272414	0.009435599126748923	0.00927184712949717	0.014296594585592471	0.009807002592856093	72
refT	0.009485687861104939	0.958910312447358	0.01112537865454311	0.009207598465956134	0.009649296370730573	72
refG	0.011646076794657763	0.008687071044333148	0.9582077230606547	0.009804488963086626	0.009978111667594138	72
refC	0.01359431822786824	0.010385413743056505	0.009568929159456138	0.9545615377071688	0.00991488448394122	72
refN	0.0	0.0	0.0	0.0	1.0	72
refA	0.9908975894305803	0.0009632139763783565	0.0010431969680293625	0.0067527520643473424	0.0002611410496639689	73
refT	0.0006724341755631636	0.9938289006785845	0.0020236291923197893	0.0032790204152461796	0.00015816664075746456	73
refG	0.00043066224861408825	0.000910263389116141	0.9970595631027273	0.0013597482884563695	0.0002311421509170019	73
refC	0.0035899283069313346	0.001988627372374432	0.0011702684006432331	0.9929654205267056	0.0002366157616239377	73
refN	0.0	0.0	0.0	0.0	1.0	73
refA	0.9944026983412556	0.0006024647152177266	0.0005738084093976308	0.003989367145954753	0.0004005059884856234	74
refT	0.0006118222474860835	0.9964354943546814	0.0013560141418595324	0.0012488788423720995	0.0003351298417850689	74
refG	0.00031078374891654225	0.0004993407956213029	0.9981482712095746	0.0006290203455289249	0.00040916133850163477	74
refC	0.002542973000896677	0.001324276568675731	0.0006742045856469838	0.9950708713811185	0.0003634973269371881	74
refN	0.0	0.0	0.0	0.0	1.0	74
refA	0.9930840194480824	0.0007224477113664642	0.0006297904831969949	0.005194378144598223	0.00032186195048341994	75
refT	0.0007562105733761542	0.9960879424830478	0.0013753718404923485	0.0015133081972782628	0.000251922349371059	75
refG	0.00035832257749926304	0.0005755325523132493	0.9980257050683193	0.0007144287266840977	0.00032212091503026533	75
refC	0.002797692947233811	0.00145029658378725	0.0007232841574671633	0.9946972746510389	0.0003034810846279747	75
refN	0.0	0.0	0.0	0.0	1.0	75
refA	0.9916350440841886	0.0008942262902529335	0.0007215012121356368	0.006376547470495633	0.0003032889166941508	76
refT	0.0008504309616359642	0.9955178286389971	0.0014935496591741311	0.001941073742324376	0.00017711678215311813	76
refG	0.0004152897569742077	0.001046352839636082	0.9971900287518155	0.001099557221312493	0.0002408976170348607	76
refC	0.0034412642347298123	0.0018291336844429027	0.0009055563314606488	0.9935377678962113	0.0002447855423351339	76
refN	0.0	0.0	0.0	0.0	1.0	76
refA	0.9692403854257381	0.004808275384655217	0.004383795355657031	0.011107340983512732	0.00954228379794478	77
refT	0.004066167069746559	0.9754897006432914	0.005253045898494018	0.00509345081402262	0.009511253207247371	77
refG	0.004762536402738738	0.003926428462843125	0.9760949548375479	0.004853450100303145	0.009804520646351678	77
refC	0.007779706699929262	0.005559518979437622	0.004524839104262851	0.9719299524193117	0.009439568511343017	77
refN	0.0	0.0	0.0	0.0	1.0	77
refA	0.9879088098336102	0.0012532364365920236	0.001005896205291014	0.009194304698362042	0.0004933025225947713	78
refT	0.0011498822104417843	0.9934142328480914	0.0020445314785813317	0.0029947628334591712	0.0003535020716555369	78
refG	0.00042839753201226677	0.0009329214547305462	0.996697784370561	0.001503123047861856	0.0004269048576846979	78
refC	0.004579278337310134	0.002347354906359008	0.0012116581321846784	0.9913367461530661	0.0004505551136888325	78
refN	0.0	0.0	0.0	0.0	1.0	78
refA	0.98875088458953	0.0013072362504230484	0.001003854964868447	0.008338266088309574	0.00047462316673430944	79
refT	0.0011548920081382952	0.9940288444241651	0.0019341288155014975	0.0025246371706767333	0.0003220545186501096	79
refG	0.0007257883304621377	0.0013392255261778143	0.9958762560948002	0.00161111527226425	0.0004306793498614336	79
refC	0.004413740165035502	0.0024170659641718694	0.0011954657425514868	0.9914844203599767	0.00041740496570036295	79
refN	0.0	0.0	0.0	0.0	1.0	79
refA	0.9900208887461537	0.001148944207921532	0.0009722880907958087	0.006710214664360172	0.0010490655570850654	80
refT	0.000975453738818496	0.9939868569172314	0.002140062221722141	0.0020895618919195484	0.0007721234635606896	80
refG	0.0005826499784203712	0.0019138898397154465	0.9950870790927921	0.001442858631107407	0.0009495036685369012	80
refC	0.004038394967412324	0.002106858929978275	0.0012585945520089765	0.9915548102221029	0.0009706173753193114	80
refN	0.0	0.0	0.0	0.0	1.0	80
refA	0.9898144123888143	0.0010246364182322355	0.000916563952223762	0.007576016667783871	0.0005656704391709337	81
refT	0.001079503036380857	0.9938711850178344	0.002395230932085353	0.002316340743216892	0.00030040670789459025	81
refG	0.0005104908100459218	0.0011269607063879267	0.9967045704709746	0.001252344414118504	0.00039480941303259156	81
refC	0.004258088550134948	0.0022292258634725314	0.0012645142714238326	0.9917585583051136	0.000422246842981315	81
refN	0.0	0.0	0.0	0.0	1.0	81
refA	0.9882874228177044	0.0013883224784416333	0.001006752509815164	0.008204090806922904	0.0009778151047870544	82
refT	0.0012805767285217534	0.9927942818530352	0.0024548481688020777	0.0027255246590302544	0.0006932176779441094	82
refG	0.0009919107325189749	0.006170477088880285	0.9901149444376086	0.0017446267141667576	0.0008812831602410485	82
refC	0.005248703263735062	0.002936118950765318	0.0015923199580937103	0.9892392168424156	0.0008690793042305857	82
refN	0.0	0.0	0.0	0.0	1.0	82
refA	0.9818304695613395	0.0017074051092374266	0.0012234375485826374	0.01386404837512623	0.0010503988676781317	83
refT	0.001808431084596181	0.9913172134812472	0.0026653089254036356	0.003400024955912675	0.0007342797383294023	83
refG	0.0007686098834188539	0.0010317309139045753	0.9956152725491495	0.0016083736229690578	0.0009568711277663841	83
refC	0.0063112188980710485	0.0032662538931144767	0.0017306884327214496	0.9875979388933964	0.0009419729698613505	83
refN	0.0	0.0	0.0	0.0	1.0	83
refA	0.987468649080558	0.0015132095867204727	0.0012467367350978997	0.008188046260783073	0.0014282670838896268	84
refT	0.001441529086000436	0.992343167078257	0.002459653385041384	0.002739260319825951	0.0009582085273013981	84
refG	0.0007667701536557349	0.0023753685758164224	0.9934389510617448	0.002026569100928881	0.001349574339543779	84
refC	0.0054771090544526195	0.0028937071149710367	0.0017311762422043248	0.9885843600326462	0.0011848015791415534	84
refN	0.0	0.0	0.0	0.0	1.0	84
refA	0.9849216792668454	0.0014519434459232257	0.0012990360746377415	0.010874691056068968	0.0012286716205948639	85
refT	0.0014031392481696128	0.9911380077717958	0.0030553751269131566	0.0035553701720073046	0.0007702626370369302	85
refG	0.0006396348830984062	0.0012925800874636	0.9953180905060207	0.001813901003746116	0.0009139753936527515	85
refC	0.006076071256620125	0.003068034517240102	0.0017547498240805897	0.9879161665783313	0.001040702196214955	85
refN	0.0	0.0	0.0	0.0	1.0	85
refA	0.9757817730247982	0.0027446177855567537	0.0017604298185246799	0.017592105904856863	0.0015484196095219	86
refT	0.0024791666390171457	0.9885006705481043	0.0031980541815586987	0.004712363140401613	0.000979014234858127	86
refG	0.0014638647211559503	0.005104304058010445	0.9893569645979348	0.0026926238961868542	0.0012701614095686478	86
refC	0.008251615966383413	0.0047516327896308976	0.002489840627768826	0.9830884136396711	0.0011372515299808963	86
refN	0.0	0.0	0.0	0.0	1.0	86
refA	0.978955929020277	0.0020405063083258406	0.001514983556885785	0.015509763911641014	0.0015450916311870381	87
refT	0.0017748347393617442	0.9897732431933941	0.0032310418771466765	0.004119775889809271	0.000997576499151643	87
refG	0.0008997074284732594	0.001584669874018745	0.9939470198478151	0.0021681838276293858	0.001364000891561929	87
refC	0.00779714362065382	0.004023278600908578	0.0021764304165800647	0.9844381941580846	0.0013264942545800054	87
refN	0.0	0.0	0.0	0.0	1.0	87
refA	0.9827714408628161	0.0020625423925761987	0.0018254141974257741	0.010905870240208835	0.0021429362821001317	88
refT	0.0017217165219184153	0.989209085803601	0.0034398628696078654	0.004017338551142969	0.0014967955454936145	88
refG	0.0011560316209522198	0.0050923267102664215	0.9886734402905555	0.002947954833147092	0.0020033924111495464	88
refC	0.007764713739254323	0.004092354383790863	0.00251180772241742	0.9834578582716366	0.00190407640050904	88
refN	0.0	0.0	0.0	0.0	1.0	88
refA	0.9804843188696348	0.0021727500981198623	0.0019523164352113207	0.013259622467029037	0.001757420818615354	89
refT	0.00199480129272336	0.9881003013018769	0.004243824597441216	0.004426740435339694	0.0010943947589519144	89
refG	0.0012043603487744408	0.004440985971652238	0.990035890890493	0.002808194105465435	0.001412264724641792	89
refC	0.007930685716731405	0.004457913378170266	0.002863066146364026	0.9829650197559034	0.0014979850411739398	89
refN	0.0	0.0	0.0	0.0	1.0	89
refA	0.9784838087746223	0.002676019441707537	0.002199533965576159	0.014244371730178583	0.0019430706429253595	90
refT	0.002231195577975724	0.9877175514151604	0.0042292680153729065	0.004497205386775087	0.0011757514916135162	90
refG	0.0016160391516164088	0.006707375673657675	0.9867953599123935	0.003002905321988039	0.0017062298087514509	90
refC	0.009466061053557977	0.005401293267402054	0.003370401032227269	0.9797112610034944	0.0016475361540584281	90
refN	0.0	0.0	0.0	0.0	1.0	90
refA	0.9758889097401988	0.0027405695237620446	0.002142333108545551	0.016778240901989608	0.0018822889010302736	91
refT	0.002448716388527272	0.9862649080966118	0.0042736904217153945	0.005667568226591362	0.001159020172160075	91
refG	0.0014212024256169897	0.004622221567667277	0.9887067707247327	0.0035191328456080796	0.001604559629750995	91
refC	0.009517739345469615	0.0051522515481904054	0.003074234312959305	0.9802377078987158	0.0016350872609585756	91
refN	0.0	0.0	0.0	0.0	1.0	91
refA	0.9702108115813993	0.0033565376788744074	0.002412042618890447	0.021299897980894603	0.0018589845007337738	92
refT	0.002739504957829349	0.9848088018259697	0.004594061187127634	0.006468900247274164	0.0011614125316147604	92
refG	0.0018079362902320834	0.006080240099806885	0.9865588880217044	0.0038065676861275912	0.0015681005227246223	92
refC	0.01170552931545757	0.006369484365742577	0.0036528427498684645	0.9760862082006462	0.0016274221000755294	92
refN	0.0	0.0	0.0	0.0	1.0	92
refA	0.9665966137605418	0.0036113975929081767	0.002464012091412293	0.024274007539172405	0.0019742491049218763	93
refT	0.0031799783434780585	0.9832402833244414	0.004668974002513421	0.0074089719123868105	0.0012255343215475368	93
refG	0.0017664077742456134	0.006821660218167112	0.9852612312020294	0.004259599667965158	0.0016770250498748275	93
refC	0.012735229955339345	0.0068282573086841155	0.003831469113073134	0.97417033517448	0.0017843357716766932	93
refN	0.0	0.0	0.0	0.0	1.0	93
refA	0.9612387647449013	0.00598770429214537	0.0045227067856143735	0.024798866924437755	0.0020055869923357927	94
refT	0.00469811531169845	0.9769897418322322	0.007286717965874875	0.009226720196275231	0.0012811419649827144	94
refG	0.004284902763107675	0.014070724195166116	0.9731280434034622	0.00610300926953244	0.0017101148262221551	94
refC	0.015392934363772943	0.009774397235517962	0.006223679490242454	0.9657147150729456	0.001757758816317574	94
refN	0.0	0.0	0.0	0.0	1.0	94
refA	0.9665920407207904	0.003759644680160161	0.0027584679768601936	0.023874992658262543	0.0019348431771124119	95
refT	0.0030606264610852935	0.982318603048581	0.005265026983099886	0.007871614040362447	0.001176929395129752	95
refG	0.001578842914721087	0.005190261637879836	0.9870835541001346	0.00437132909800114	0.0016113051054910533	95
refC	0.013029201105235163	0.007152669046888469	0.00414875811089713	0.9732918417414145	0.0016827602970600835	95
refN	0.0	0.0	0.0	0.0	1.0	95
refA	0.9623256547784351	0.004110730347784987	0.0027891047414092614	0.027414959480926555	0.001991726252190383	96
refT	0.003822640683161813	0.9797541401831662	0.005602802715130283	0.009239325596671776	0.0011793299759141668	96
refG	0.002195583912518736	0.007902037734847486	0.9828975548010126	0.005042175412261798	0.0016750727499135554	96
refC	0.01460611357866134	0.008031430049410464	0.004431185078158911	0.9703557055146178	0.00172208249347437	96
refN	0.0	0.0	0.0	0.0	1.0	96
refA	0.9573757641932171	0.004777158341232163	0.0030308520865756847	0.031075867981140162	0.001997806807011186	97
refT	0.004041645387165642	0.978838493063662	0.005474053382239129	0.009973853725496008	0.0012334250092417042	97
refG	0.0018402609261343604	0.003770506554869279	0.9875688782120452	0.004895315337376253	0.0017724036094191856	97
refC	0.015591001713222608	0.008334779170037157	0.004593629756145557	0.9687977055632965	0.00173875946459728	97
refN	0.0	0.0	0.0	0.0	1.0	97
refA	0.9544863055485222	0.005798155383818323	0.00356254317416458	0.03222006951040497	0.0019516071582764874	98
refT	0.004821916211756417	0.9757256860087982	0.005775439879008441	0.011924784640499505	0.0011768954152286558	98
refG	0.002484486659482727	0.004806526114306968	0.984330170599491	0.006455990038531595	0.0016810712988866853	98
refC	0.018087994296455513	0.009989536935526764	0.005473978335925739	0.9634659483571024	0.0016948497629710557	98
refN	0.0	0.0	0.0	0.0	1.0	98
refA	0.9414705858830561	0.007668040604074557	0.0059481576165608795	0.03950991577106599	0.0021670250900981034	99
refT	0.006346961041956136	0.9692420897051278	0.00858232718383917	0.013512984180790463	0.0013978190326088822	99
refG	0.004979220230338464	0.006803320067152702	0.9772457624256778	0.008537168785733573	0.0019282921846934104	99
refC	0.019783839776943906	0.012311818808715666	0.008045184382491051	0.9560929093297309	0.0019195003925572343	99
refN	0.0	0.0	0.0	0.0	1.0	99
refA	0.9519795995974872	0.00572388069786613	0.0037542062516047947	0.03417773693528116	0.002164276930145817	100
refT	0.004506332511939192	0.9747323010198145	0.006233196964790252	0.01256953737238251	0.0013359102679072106	100
refG	0.002592843402317887	0.005957635402626958	0.9822127818689822	0.007094054537913319	0.0018318289204455579	100
refC	0.01912624775450488	0.010588736411282109	0.005833657425412523	0.9612046078906665	0.0017978776598699929	100
refN	0.0	0.0	0.0	0.0	1.0	100
