errmodel	readA	readT	readG	readC	readN	pos
refA	1.0	0.0	0.0	0.0	0.0	0
refT	0.0	1.0	0.0	0.0	0.0	0
refG	0.0	0.0	1.0	0.0	0.0	0
refC	0.0	0.0	0.0	1.0	0.0	0
refN	0.0	0.0	0.0	0.0	1.0	0
refA	1.0	0.0	0.0	0.0	0.0	1
refT	0.0	1.0	0.0	0.0	0.0	1
refG	0.0	0.0	1.0	0.0	0.0	1
refC	0.0	0.0	0.0	1.0	0.0	1
refN	0.0	0.0	0.0	0.0	1.0	1
refA	0.9995494142385101	0.0	0.00030025521693439425	0.00015012760846719713	0.0	2
refT	0.0	0.9999025720966485	0.0	9.74184120798831e-05	0.0	2
refG	0.0	0.000125203455615375	0.9998747808665164	0.0	0.0	2
refC	0.0	0.0	0.00035366931918656057	0.9996462055545728	0.0	2
refN	0.0	0.0	0.0	0.0	1.0	2
refA	1.0	0.0	0.0	0.0	0.0	3
refT	0.0	0.999898229187869	0.00010176045588684237	0.0	0.0	3
refG	0.0	0.0	1.0	0.0	0.0	3
refC	0.0	0.0	0.0	1.0	0.0	3
refN	0.0	0.0	0.0	0.0	1.0	3
refA	1.0	0.0	0.0	0.0	0.0	4
refT	0.00011092623405435385	0.9998890614599512	0.0	0.0	0.0	4
refG	0.0	0.0	1.0	0.0	0.0	4
refC	0.0	0.0	0.0	1.0	0.0	4
refN	0.0	0.0	0.0	0.0	1.0	4
refA	1.0	0.0	0.0	0.0	0.0	5
refT	0.0	1.0	0.0	0.0	0.0	5
refG	0.0	0.0	1.0	0.0	0.0	5
refC	0.0	0.0002573340195573855	0.0	0.9997425997425997	0.0	5
refN	0.0	0.0	0.0	0.0	1.0	5
refA	1.0	0.0	0.0	0.0	0.0	6
refT	0.0	1.0	0.0	0.0	0.0	6
refG	0.0	0.0	1.0	0.0	0.0	6
refC	0.0	0.00012823800974608873	0.0	0.9998717455431576	0.0	6
refN	0.0	0.0	0.0	0.0	1.0	6
refA	1.0	0.0	0.0	0.0	0.0	7
refT	0.0	1.0	0.0	0.0	0.0	7
refG	0.00011424654404204273	0.0	0.9998857404021938	0.0	0.0	7
refC	0.0	0.000138811771238201	0.0	0.9998611689573789	0.0	7
refN	0.0	0.0	0.0	0.0	1.0	7
refA	1.0	0.0	0.0	0.0	0.0	8
refT	0.0	0.9998981047483188	0.0	0.00010188487009679063	0.0	8
refG	0.0	0.0	1.0	0.0	0.0	8
refC	0.00023076035537094726	0.00023076035537094726	0.00011538017768547363	0.9994227661048257	0.0	8
refN	0.0	0.0	0.0	0.0	1.0	8
refA	1.0	0.0	0.0	0.0	0.0	9
refT	0.0	0.9998863378040463	0.0	0.00011364927832708262	0.0	9
refG	0.0	0.00012168410805548795	0.9998783010831204	0.0	0.0	9
refC	0.0	0.0	0.0	1.0	0.0	9
refN	0.0	0.0	0.0	0.0	1.0	9
refA	1.0	0.0	0.0	0.0	0.0	10
refT	0.0	1.0	0.0	0.0	0.0	10
refG	0.0	0.0	1.0	0.0	0.0	10
refC	0.0	0.0	0.0	1.0	0.0	10
refN	0.0	0.0	0.0	0.0	1.0	10
refA	0.9998662744049212	0.0	0.0	0.00013370771493515177	0.0	11
refT	0.0	0.9998786260468503	0.0	0.00012135922330097087	0.0	11
refG	0.0	0.0	0.9998844998844999	0.0	0.00011548677676406051	11
refC	0.0	0.0001199760047990402	0.0001199760047990402	0.9997599903996159	0.0	11
refN	0.0	0.0	0.0	0.0	1.0	11
refA	1.0	0.0	0.0	0.0	0.0	12
refT	0.0001272264631043257	0.9997454823110206	0.0	0.0001272264631043257	0.0	12
refG	0.0	0.0	1.0	0.0	0.0	12
refC	0.0	0.00011263798152737103	0.0	0.9998873493297286	0.0	12
refN	0.0	0.0	0.0	0.0	1.0	12
refA	1.0	0.0	0.0	0.0	0.0	13
refT	0.00012350253180190194	0.9997529339098209	0.0	0.00012350253180190194	0.0	13
refG	0.0	0.0	1.0	0.0	0.0	13
refC	0.0	0.00011809163911195088	0.00011809163911195088	0.9997637609260571	0.0	13
refN	0.0	0.0	0.0	0.0	1.0	13
refA	1.0	0.0	0.0	0.0	0.0	14
refT	0.0	0.9998794454490657	0.0	0.00012054001928640309	0.0	14
refG	0.0	0.00012100677637947725	0.9998789785792085	0.0	0.0	14
refC	0.0	0.0	0.0	1.0	0.0	14
refN	0.0	0.0	0.0	0.0	1.0	14
refA	1.0	0.0	0.0	0.0	0.0	15
refT	0.0	1.0	0.0	0.0	0.0	15
refG	0.0	0.0	1.0	0.0	0.0	15
refC	0.0	0.0	0.0	1.0	0.0	15
refN	0.0	0.0	0.0	0.0	1.0	15
refA	1.0	0.0	0.0	0.0	0.0	16
refT	0.0	1.0	0.0	0.0	0.0	16
refG	0.0	0.00011496895838123707	0.9998850178222376	0.0	0.0	16
refC	0.0	0.00024405125076266016	0.0	0.9997558891736849	0.0	16
refN	0.0	0.0	0.0	0.0	1.0	16
refA	0.9994762341233469	0.0	0.00039261876717707107	0.00013087292239235702	0.0	17
refT	0.0	0.9998712998712999	0.00012868356710848025	0.0	0.0	17
refG	0.0	0.00011782726522917403	0.9998821588498704	0.0	0.0	17
refC	0.0	0.00011583458820803892	0.0	0.9998841519925857	0.0	17
refN	0.0	0.0	0.0	0.0	1.0	17
refA	1.0	0.0	0.0	0.0	0.0	18
refT	0.0	0.9998793581855471	0.0	0.00012062726176115802	0.0	18
refG	0.0	0.00012156576707999027	0.9998784194528876	0.0	0.0	18
refC	0.0	0.0	0.00023258518432375856	0.9997673607072235	0.0	18
refN	0.0	0.0	0.0	0.0	1.0	18
refA	1.0	0.0	0.0	0.0	0.0	19
refT	0.0	0.9997479838709677	0.0	0.0002519526329050139	0.0	19
refG	0.0	0.0	1.0	0.0	0.0	19
refC	0.0	0.0	0.0	1.0	0.0	19
refN	0.0	0.0	0.0	0.0	1.0	19
refA	1.0	0.0	0.0	0.0	0.0	20
refT	0.0	1.0	0.0	0.0	0.0	20
refG	0.0	0.00011803588290840416	0.9996457669146298	0.00023607176581680832	0.0	20
refC	0.0	0.0	0.0	1.0	0.0	20
refN	0.0	0.0	0.0	0.0	1.0	20
refA	1.0	0.0	0.0	0.0	0.0	21
refT	0.0002523977788995457	0.9997475385003787	0.0	0.0	0.0	21
refG	0.0	0.0	1.0	0.0	0.0	21
refC	0.0	0.0	0.00022466861379465288	0.9997752808988764	0.0	21
refN	0.0	0.0	0.0	0.0	1.0	21
refA	0.9998619547211486	0.0	0.00013802622498274673	0.0	0.0	22
refT	0.0	1.0	0.0	0.0	0.0	22
refG	0.0	0.0	1.0	0.0	0.0	22
refC	0.0	0.00011887779362815027	0.0	0.9998811080727619	0.0	22
refN	0.0	0.0	0.0	0.0	1.0	22
refA	0.9998722044728434	0.0	0.0	0.0001277791975466394	0.0	23
refT	0.0	0.9998778849676395	0.0	0.0001221001221001221	0.0	23
refG	0.0	0.00024594195769798326	0.9997539975399754	0.0	0.0	23
refC	0.0	0.0	0.0	1.0	0.0	23
refN	0.0	0.0	0.0	0.0	1.0	23
refA	0.9998656455730216	0.0	0.0	0.00013433637829124128	0.0	24
refT	0.0	0.9992625368731564	0.0	0.0007369196757553427	0.0	24
refG	0.0	0.0	0.9998819501829772	0.00011803588290840416	0.0	24
refC	0.00011617100371747211	0.0	0.00011617100371747211	0.9996513654851831	0.00011617100371747211	24
refN	0.0	0.0	0.0	0.0	1.0	24
refA	1.0	0.0	0.0	0.0	0.0	25
refT	0.0	1.0	0.0	0.0	0.0	25
refG	0.00011390818999886092	0.0	0.9997721317078728	0.00011390818999886092	0.0	25
refC	0.0	0.0	0.00011986096128490951	0.9998801246703428	0.0	25
refN	0.0	0.0	0.0	0.0	1.0	25
refA	1.0	0.0	0.0	0.0	0.0	26
refT	0.0	1.0	0.0	0.0	0.0	26
refG	0.0	0.0	1.0	0.0	0.0	26
refC	0.0	0.0	0.0001151808339092375	0.999884805897938	0.0	26
refN	0.0	0.0	0.0	0.0	1.0	26
refA	0.9998676198040773	0.0	0.00013236267372600927	0.0	0.0	27
refT	0.0	0.999748743718593	0.0	0.00025119316754584274	0.0	27
refG	0.0	0.0	1.0	0.0	0.0	27
refC	0.0	0.0	0.0	1.0	0.0	27
refN	0.0	0.0	0.0	0.0	1.0	27
refA	1.0	0.0	0.0	0.0	0.0	28
refT	0.0	0.9997531473710195	0.00012339585389930897	0.00012339585389930897	0.0	28
refG	0.0	0.0	1.0	0.0	0.0	28
refC	0.0	0.00011814744801512288	0.0	0.999881838591516	0.0	28
refN	0.0	0.0	0.0	0.0	1.0	28
refA	1.0	0.0	0.0	0.0	0.0	29
refT	0.0	1.0	0.0	0.0	0.0	29
refG	0.0	0.0	0.9998827667057444	0.00011721955222131051	0.0	29
refC	0.0	0.00012406947890818859	0.0	0.9998759151259462	0.0	29
refN	0.0	0.0	0.0	0.0	1.0	29
refA	1.0	0.0	0.0	0.0	0.0	30
refT	0.0	1.0	0.0	0.0	0.0	30
refG	0.0	0.0	1.0	0.0	0.0	30
refC	0.00011899095668729176	0.0	0.00023798191337458352	0.999642899654803	0.0	30
refN	0.0	0.0	0.0	0.0	1.0	30
refA	0.9997495617330328	0.0	0.00012518778167250875	0.00012518778167250875	0.0	31
refT	0.0	1.0	0.0	0.0	0.0	31
refG	0.0	0.0	1.0	0.0	0.0	31
refC	0.0	0.0007115749525616698	0.0	0.9992879183479706	0.0	31
refN	0.0	0.0	0.0	0.0	1.0	31
refA	1.0	0.0	0.0	0.0	0.0	32
refT	0.0	0.9998806824961222	0.00011930326890956812	0.0	0.0	32
refG	0.00012233912405187178	0.00012233912405187178	0.9997552618697993	0.0	0.0	32
refC	0.0	0.0	0.0	1.0	0.0	32
refN	0.0	0.0	0.0	0.0	1.0	32
refA	1.0	0.0	0.0	0.0	0.0	33
refT	0.0	1.0	0.0	0.0	0.0	33
refG	0.0	0.0	1.0	0.0	0.0	33
refC	0.0	0.00011563367252543941	0.0	0.999884352954782	0.0	33
refN	0.0	0.0	0.0	0.0	1.0	33
refA	0.9996186117467581	0.0	0.0003812428516965307	0.0	0.0	34
refT	0.0	1.0	0.0	0.0	0.0	34
refG	0.0	0.00011760555098200635	0.9998823806163256	0.0	0.0	34
refC	0.0	0.0	0.0	1.0	0.0	34
refN	0.0	0.0	0.0	0.0	1.0	34
refA	1.0	0.0	0.0	0.0	0.0	35
refT	0.0	0.9993647567018168	0.0	0.0006348400203148807	0.0	35
refG	0.00023960704444710675	0.00011980352222355337	0.9995205561548604	0.00011980352222355337	0.0	35
refC	0.0	0.00011641443538998836	0.0	0.9998835720107114	0.0	35
refN	0.0	0.0	0.0	0.0	1.0	35
refA	1.0	0.0	0.0	0.0	0.0	36
refT	0.000125	0.9996248593222459	0.0	0.00025	0.0	36
refG	0.0	0.0	1.0	0.0	0.0	36
refC	0.0	0.0	0.0	1.0	0.0	36
refN	0.0	0.0	0.0	0.0	1.0	36
refA	1.0	0.0	0.0	0.0	0.0	37
refT	0.0	1.0	0.0	0.0	0.0	37
refG	0.0	0.0	1.0	0.0	0.0	37
refC	0.0	0.0	0.0	1.0	0.0	37
refN	0.0	0.0	0.0	0.0	1.0	37
refA	0.9997464503042597	0.0	0.0	0.00025348542458808617	0.0	38
refT	0.0	1.0	0.0	0.0	0.0	38
refG	0.0	0.0	1.0	0.0	0.0	38
refC	0.00011710973181871414	0.0	0.00011710973181871414	0.9997657256647534	0.0	38
refN	0.0	0.0	0.0	0.0	1.0	38
refA	0.9997375672483926	0.00013118194936376755	0.0	0.00013118194936376755	0.0	39
refT	0.0	1.0	0.0	0.0	0.0	39
refG	0.0	0.0	1.0	0.0	0.0	39
refC	0.00011644154634373545	0.0	0.0	0.9998835448934436	0.0	39
refN	0.0	0.0	0.0	0.0	1.0	39
refA	0.9998684383633732	0.0	0.0	0.00013154433043935807	0.0	40
refT	0.0	0.9998662922850649	0.0	0.00013368983957219252	0.0	40
refG	0.0	0.0	0.9998839503307415	0.00011603620329542818	0.0	40
refC	0.00011385631333257428	0.0	0.0	0.9998861307219312	0.0	40
refN	0.0	0.0	0.0	0.0	1.0	40
refA	0.9998701973001038	0.0	0.0	0.00012978585334198572	0.0	41
refT	0.0	1.0	0.0	0.0	0.0	41
refG	0.0	0.0	1.0	0.0	0.0	41
refC	0.0	0.0003622313450857281	0.0002414875633904854	0.999395916394829	0.0	41
refN	0.0	0.0	0.0	0.0	1.0	41
refA	0.9998757146408153	0.0	0.0	0.0	0.00012426991425375916	42
refT	0.0	0.9992258064516129	0.0	0.0007735946364105209	0.0	42
refG	0.00023493480559144838	0.0	0.9997650099870755	0.0	0.0	42
refC	0.0	0.00011872254541137362	0.0	0.9998812633578722	0.0	42
refN	0.0	0.0	0.0	0.0	1.0	42
refA	0.9997499374843711	0.0	0.00025	0.0	0.0	43
refT	0.0	1.0	0.0	0.0	0.0	43
refG	0.0	0.0	1.0	0.0	0.0	43
refC	0.0	0.0	0.00011943150603129105	0.9998805542283803	0.0	43
refN	0.0	0.0	0.0	0.0	1.0	43
refA	1.0	0.0	0.0	0.0	0.0	44
refT	0.0	1.0	0.0	0.0	0.0	44
refG	0.0	0.0	1.0	0.0	0.0	44
refC	0.0	0.0	0.0	1.0	0.0	44
refN	0.0	0.0	0.0	0.0	1.0	44
refA	0.9997395833333333	0.0	0.0	0.00013017443374121324	0.00013017443374121324	45
refT	0.0	0.9995108828564441	0.0002444390124663896	0.0002444390124663896	0.0	45
refG	0.00012396181975951408	0.0	0.9997520148791073	0.00012396181975951408	0.0	45
refC	0.0	0.0	0.00023304591004427873	0.9997668997668998	0.0	45
refN	0.0	0.0	0.0	0.0	1.0	45
refA	1.0	0.0	0.0	0.0	0.0	46
refT	0.0	1.0	0.0	0.0	0.0	46
refG	0.0	0.0	0.999883409117407	0.00011657729074376311	0.0	46
refC	0.0	0.0	0.00012478163214374845	0.9998752027954574	0.0	46
refN	0.0	0.0	0.0	0.0	1.0	46
refA	1.0	0.0	0.0	0.0	0.0	47
refT	0.0	1.0	0.0	0.0	0.0	47
refG	0.0	0.0	1.0	0.0	0.0	47
refC	0.0	0.0	0.00011820330969267139	0.9998817827166332	0.0	47
refN	0.0	0.0	0.0	0.0	1.0	47
refA	1.0	0.0	0.0	0.0	0.0	48
refT	0.00012272950417280314	0.999754480726737	0.0	0.00012272950417280314	0.0	48
refG	0.0	0.0	1.0	0.0	0.0	48
refC	0.0	0.0	0.0	1.0	0.0	48
refN	0.0	0.0	0.0	0.0	1.0	48
refA	0.9998755290017426	0.0	0.00012445550715619165	0.0	0.0	49
refT	0.0	0.9993890518084066	0.0	0.0006105751618024178	0.0	49
refG	0.0	0.0	1.0	0.0	0.0	49
refC	0.0	0.00012360939431396787	0.0	0.9998763753245148	0.0	49
refN	0.0	0.0	0.0	0.0	1.0	49
refA	0.9998734177215189	0.0	0.0	0.0	0.00012656625743576763	50
refT	0.0	1.0	0.0	0.0	0.0	50
refG	0.0	0.00011960291831120679	0.9998803827751196	0.0	0.0	50
refC	0.0	0.0	0.0	1.0	0.0	50
refN	0.0	0.0	0.0	0.0	1.0	50
refA	1.0	0.0	0.0	0.0	0.0	51
refT	0.0	1.0	0.0	0.0	0.0	51
refG	0.00012155099064057372	0.0	0.99987843423292	0.0	0.0	51
refC	0.0	0.0	0.00011675423234092235	0.9998832321345166	0.0	51
refN	0.0	0.0	0.0	0.0	1.0	51
refA	0.9998734817813765	0.0	0.0	0.0001265022137887413	0.0	52
refT	0.0	0.9997412343123302	0.0001293493726555426	0.0001293493726555426	0.0	52
refG	0.0	0.0	0.9998786260468503	0.00012135922330097087	0.0	52
refC	0.0	0.0	0.0001152604887044721	0.9998847262247839	0.0	52
refN	0.0	0.0	0.0	0.0	1.0	52
refA	1.0	0.0	0.0	0.0	0.0	53
refT	0.0	0.999000624609619	0.0	0.000998377636340946	0.0	53
refG	0.0	0.0	1.0	0.0	0.0	53
refC	0.0	0.0001205254911413764	0.0	0.9998794599807136	0.0	53
refN	0.0	0.0	0.0	0.0	1.0	53
refA	0.9998719262295082	0.0	0.0	0.00012805736970162632	0.0	54
refT	0.0001218026796589525	0.999878182482641	0.0	0.0	0.0	54
refG	0.0	0.0	1.0	0.0	0.0	54
refC	0.00012001920307249159	0.00012001920307249159	0.0	0.9997599039615847	0.0	54
refN	0.0	0.0	0.0	0.0	1.0	54
refA	0.9997420686097498	0.0	0.0	0.00012893243940175349	0.00012893243940175349	55
refT	0.0	0.9998688352570829	0.0	0.00013114754098360657	0.0	55
refG	0.0	0.00012051096649795132	0.9998794745088586	0.0	0.0	55
refC	0.0	0.0	0.0	1.0	0.0	55
refN	0.0	0.0	0.0	0.0	1.0	55
refA	0.9998654648190501	0.00013451708366962604	0.0	0.0	0.0	56
refT	0.0	1.0	0.0	0.0	0.0	56
refG	0.0	0.00011757789535567314	0.9998824082784572	0.0	0.0	56
refC	0.00023823704586063132	0.0	0.0	0.9997617061837245	0.0	56
refN	0.0	0.0	0.0	0.0	1.0	56
refA	0.9998690928131955	0.0	0.0	0.00013089005235602096	0.0	57
refT	0.0	0.9996075866579464	0.0003922594142259414	0.0	0.0	57
refG	0.0	0.0	1.0	0.0	0.0	57
refC	0.0	0.0001168770453482936	0.0	0.9998831092928112	0.0	57
refN	0.0	0.0	0.0	0.0	1.0	57
refA	0.9998684902682798	0.0	0.0	0.00013149243918474687	0.0	58
refT	0.00012683916793505834	0.9998731447418495	0.0	0.0	0.0	58
refG	0.0	0.00023671440407148776	0.9996448022732655	0.0	0.00011835720203574388	58
refC	0.00011640088464672332	0.0	0.0	0.99988358556461	0.0	58
refN	0.0	0.0	0.0	0.0	1.0	58
refA	0.9997392098057113	0.0	0.0	0.00026072220049537216	0.0	59
refT	0.0	0.9997439180537772	0.0	0.0002560163850486431	0.0	59
refG	0.00035688793718772306	0.0	0.9995239228755058	0.0	0.00011896264572924102	59
refC	0.0	0.00011735711770918906	0.00011735711770918906	0.9997652306608756	0.0	59
refN	0.0	0.0	0.0	0.0	1.0	59
refA	0.9998702309888399	0.0	0.0	0.0001297521733489036	0.0	60
refT	0.0	0.9998724489795918	0.0	0.00012753475322025253	0.0	60
refG	0.0	0.0	1.0	0.0	0.0	60
refC	0.0	0.0	0.0	1.0	0.0	60
refN	0.0	0.0	0.0	0.0	1.0	60
refA	0.9998766802318412	0.0	0.0	0.0	0.00012330456226880394	61
refT	0.0	0.9996196754563894	0.0002534533012292485	0.00012672665061462426	0.0	61
refG	0.0	0.0001233654083395016	0.9998766193707588	0.0	0.0	61
refC	0.0	0.00011726078799249531	0.00023452157598499062	0.9996480938416422	0.0	61
refN	0.0	0.0	0.0	0.0	1.0	61
refA	1.0	0.0	0.0	0.0	0.0	62
refT	0.0	0.9997393117831074	0.00013031013812874641	0.00013031013812874641	0.0	62
refG	0.0005894141223623718	0.00023576564894494873	0.9990560471976401	0.00011788282447247436	0.0	62
refC	0.0	0.0	0.0	1.0	0.0	62
refN	0.0	0.0	0.0	0.0	1.0	62
refA	0.9996130030959752	0.0	0.0002578981302385558	0.0001289490651192779	0.0	63
refT	0.0	0.9998776009791922	0.0	0.00012238404112103782	0.0	63
refG	0.0	0.0	0.9995305715291632	0.00035190615835777126	0.00011730205278592375	63
refC	0.0	0.0	0.00012312238364934746	0.9998768624553627	0.0	63
refN	0.0	0.0	0.0	0.0	1.0	63
refA	0.9996261682242991	0.0	0.00024912805181863477	0.0	0.00012456402590931738	64
refT	0.0	1.0	0.0	0.0	0.0	64
refG	0.0	0.0	1.0	0.0	0.0	64
refC	0.0	0.00012236906510034264	0.0	0.9998776159588789	0.0	64
refN	0.0	0.0	0.0	0.0	1.0	64
refA	0.9998741980123286	0.0	0.0	0.00012578616352201257	0.0	65
refT	0.0	0.9998734977862113	0.0	0.0	0.00012648621300278268	65
refG	0.0	0.0	1.0	0.0	0.0	65
refC	0.0	0.0	0.0	0.9998794163752562	0.00012056908608632747	65
refN	0.0	0.0	0.0	0.0	1.0	65
refA	1.0	0.0	0.0	0.0	0.0	66
refT	0.0	0.9996313137519971	0.00012285012285012285	0.0002457002457002457	0.0	66
refG	0.0	0.0	0.9997630893153281	0.00023685457129322596	0.0	66
refC	0.0	0.00023789699060306887	0.0	0.9997620464009518	0.0	66
refN	0.0	0.0	0.0	0.0	1.0	66
refA	0.9996095275283092	0.0	0.00039032006245121	0.0	0.0	67
refT	0.0	1.0	0.0	0.0	0.0	67
refG	0.0	0.0	1.0	0.0	0.0	67
refC	0.0	0.00011967448539971278	0.0	0.9998803111909037	0.0	67
refN	0.0	0.0	0.0	0.0	1.0	67
refA	0.9998738170347004	0.0	0.0	0.0	0.00012616704516780217	68
refT	0.0	0.9997476659096644	0.0	0.0002522704339051463	0.0	68
refG	0.00011610356437942645	0.0	0.999767738938567	0.00011610356437942645	0.0	68
refC	0.0	0.0	0.0	0.9998757918271022	0.00012419274714356682	68
refN	0.0	0.0	0.0	0.0	1.0	68
refA	0.9998719098245165	0.0	0.0	0.00012807377049180329	0.0	69
refT	0.0	0.9998748592166187	0.0	0.00012512512512512512	0.0	69
refG	0.0	0.0	1.0	0.0	0.0	69
refC	0.0	0.0	0.00024169184290030211	0.9995163825414097	0.00024169184290030211	69
refN	0.0	0.0	0.0	0.0	1.0	69
refA	1.0	0.0	0.0	0.0	0.0	70
refT	0.0	0.9995065383666419	0.0002466091245376079	0.00012330456226880394	0.00012330456226880394	70
refG	0.0	0.0	0.9997709573980761	0.0002289901534234028	0.0	70
refC	0.0	0.00012360939431396787	0.0	0.9998763753245148	0.0	70
refN	0.0	0.0	0.0	0.0	1.0	70
refA	1.0	0.0	0.0	0.0	0.0	71
refT	0.0	0.9998735137869972	0.0	0.0	0.0001264702162640698	71
refG	0.00011978917105893628	0.0	0.9998801964777765	0.0	0.0	71
refC	0.0	0.0	0.00011906179307060365	0.9998809240295309	0.0	71
refN	0.0	0.0	0.0	0.0	1.0	71
refA	0.9997391077484998	0.0	0.0002608242044861763	0.0	0.0	72
refT	0.0	0.9998707342295761	0.00012924906294429367	0.0	0.0	72
refG	0.0	0.0	1.0	0.0	0.0	72
refC	0.0	0.0	0.0	1.0	0.0	72
refN	0.0	0.0	0.0	0.0	1.0	72
refA	0.9997319394183085	0.0	0.0	0.00013399437223636607	0.00013399437223636607	73
refT	0.0	1.0	0.0	0.0	0.0	73
refG	0.00011661807580174928	0.00023323615160349855	0.9995333099988333	0.00011661807580174928	0.0	73
refC	0.0	0.0	0.0	1.0	0.0	73
refN	0.0	0.0	0.0	0.0	1.0	73
refA	1.0	0.0	0.0	0.0	0.0	74
refT	0.0	0.9998689384010485	0.0	0.00013104442405975625	0.0	74
refG	0.00011655011655011655	0.0	0.9998834362979369	0.0	0.0	74
refC	0.0	0.00035842293906810036	0.00011947431302270011	0.9995218742529285	0.0	74
refN	0.0	0.0	0.0	0.0	1.0	74
refA	0.999742301249839	0.0	0.0002576323586242432	0.0	0.0	75
refT	0.0	0.9998728705822527	0.00012711325791280032	0.0	0.0	75
refG	0.0	0.0	0.999878004147859	0.00012198097096852891	0.0	75
refC	0.0	0.0	0.0	1.0	0.0	75
refN	0.0	0.0	0.0	0.0	1.0	75
refA	0.9998718113062428	0.0	0.0001281722635221738	0.0	0.0	76
refT	0.0	1.0	0.0	0.0	0.0	76
refG	0.00012006243246488174	0.00012006243246488174	0.9997598174612705	0.0	0.0	76
refC	0.0	0.0	0.00011630611770179111	0.9998836803536117	0.0	76
refN	0.0	0.0	0.0	0.0	1.0	76
refA	0.9998746553020808	0.0	0.00012532898859506203	0.0	0.0	77
refT	0.0	0.999872040946897	0.0	0.00012794268167860799	0.0	77
refG	0.0	0.0	0.9998804256845629	0.0	0.00011956001912960307	77
refC	0.0	0.00012010569300984866	0.0	0.9997597308986065	0.00012010569300984866	77
refN	0.0	0.0	0.0	0.0	1.0	77
refA	0.9998668087373468	0.0	0.00013317352510320947	0.0	0.0	78
refT	0.0	1.0	0.0	0.0	0.0	78
refG	0.0	0.0	0.9997597597597597	0.00024018253872943438	0.0	78
refC	0.0	0.00011503508570113885	0.00011503508570113885	0.999769876884133	0.0	78
refN	0.0	0.0	0.0	0.0	1.0	78
refA	0.999866879659212	0.0	0.0001331026221216558	0.0	0.0	79
refT	0.0	1.0	0.0	0.0	0.0	79
refG	0.0	0.00011649580615097856	0.999883490620995	0.0	0.0	79
refC	0.0	0.00011901928112354201	0.0	0.999880966551601	0.0	79
refN	0.0	0.0	0.0	0.0	1.0	79
refA	0.9998757763975156	0.0	0.0	0.00012420817289777666	0.0	80
refT	0.0	0.9997429966589566	0.0	0.00025693730729701953	0.0	80
refG	0.00012121212121212121	0.0	0.9998787731846285	0.0	0.0	80
refC	0.0	0.0	0.0	0.9998775110240078	0.0001224739742804654	80
refN	0.0	0.0	0.0	0.0	1.0	80
refA	0.999746096229529	0.0	0.00025383931971062316	0.0	0.0	81
refT	0.00012575452716297788	0.9987408713170486	0.00025150905432595576	0.0008802816901408451	0.0	81
refG	0.00012029351617947793	0.0	0.9998796920115496	0.0	0.0	81
refC	0.0	0.0	0.0	1.0	0.0	81
refN	0.0	0.0	0.0	0.0	1.0	81
refA	0.9997399557924848	0.0	0.00012998830105290525	0.00012998830105290525	0.0	82
refT	0.0	1.0	0.0	0.0	0.0	82
refG	0.00011924636298592893	0.00011924636298592893	0.9996421328879876	0.00011924636298592893	0.0	82
refC	0.00011954572624028691	0.0	0.0	0.9998804399808704	0.0	82
refN	0.0	0.0	0.0	0.0	1.0	82
refA	1.0	0.0	0.0	0.0	0.0	83
refT	0.0	1.0	0.0	0.0	0.0	83
refG	0.00012165450121654502	0.0	0.9998783306971651	0.0	0.0	83
refC	0.00012087513598452798	0.00024175027196905597	0.00012087513598452798	0.999516265570202	0.0	83
refN	0.0	0.0	0.0	0.0	1.0	83
refA	1.0	0.0	0.0	0.0	0.0	84
refT	0.0	0.999875745526839	0.0	0.00012423903590508137	0.0	84
refG	0.0	0.0	0.999877104583999	0.0001228803145736053	0.0	84
refC	0.0	0.00011682242990654206	0.00011682242990654206	0.9996494098398971	0.00011682242990654206	84
refN	0.0	0.0	0.0	0.0	1.0	84
refA	0.9998628822158234	0.0	0.00013709898546750753	0.0	0.0	85
refT	0.0	1.0	0.0	0.0	0.0	85
refG	0.0002353494939985879	0.0	0.9996468510888759	0.00011767474699929395	0.0	85
refC	0.0	0.0	0.00012146240738491437	0.9997570161584255	0.00012146240738491437	85
refN	0.0	0.0	0.0	0.0	1.0	85
refA	0.9996177857051853	0.0	0.00012735608762098828	0.0	0.00025471217524197657	86
refT	0.0	0.9998747965443846	0.0	0.00012518778167250875	0.0	86
refG	0.0	0.00011931750387781887	0.9997613080319847	0.0	0.00011931750387781887	86
refC	0.0	0.0	0.0	1.0	0.0	86
refN	0.0	0.0	0.0	0.0	1.0	86
refA	1.0	0.0	0.0	0.0	0.0	87
refT	0.0	1.0	0.0	0.0	0.0	87
refG	0.0	0.00012328936012822092	0.9998766954377312	0.0	0.0	87
refC	0.0	0.00011524720525527257	0.00011524720525527257	0.9997694524495677	0.0	87
refN	0.0	0.0	0.0	0.0	1.0	87
refA	1.0	0.0	0.0	0.0	0.0	88
refT	0.0	1.0	0.0	0.0	0.0	88
refG	0.00011535355865728458	0.00023070711731456916	0.9996538195245788	0.0	0.0	88
refC	0.0	0.00024515812699190976	0.0	0.9997547817557626	0.0	88
refN	0.0	0.0	0.0	0.0	1.0	88
refA	1.0	0.0	0.0	0.0	0.0	89
refT	0.0	1.0	0.0	0.0	0.0	89
refG	0.0	0.0	0.9998805399593836	0.00011944577161968466	0.0	89
refC	0.0	0.00011907597046915932	0.00011907597046915932	0.9996426444312091	0.00011907597046915932	89
refN	0.0	0.0	0.0	0.0	1.0	89
refA	0.9998716302952503	0.0	0.0	0.0	0.0001283532280836863	90
refT	0.0	1.0	0.0	0.0	0.0	90
refG	0.0	0.0	0.9998765279664156	0.0	0.0001234567901234568	90
refC	0.0	0.0	0.0	1.0	0.0	90
refN	0.0	0.0	0.0	0.0	1.0	90
refA	0.9998760535448686	0.0	0.0	0.0	0.00012393109431156277	91
refT	0.0	1.0	0.0	0.0	0.0	91
refG	0.00012260912211868564	0.0	0.9997547216090262	0.00012260912211868564	0.0	91
refC	0.0	0.00023626698168930892	0.00011813349084465446	0.9996454738832428	0.0	91
refN	0.0	0.0	0.0	0.0	1.0	91
refA	0.9998691442030881	0.0	0.0	0.0	0.00013083867591259977	92
refT	0.0	0.9997446047758907	0.00012766500702157538	0.0	0.00012766500702157538	92
refG	0.0	0.0	0.9998807109626625	0.00011927480916030534	0.0	92
refC	0.0	0.00036918533103618014	0.0	0.9996306783208174	0.0	92
refN	0.0	0.0	0.0	0.0	1.0	92
refA	1.0	0.0	0.0	0.0	0.0	93
refT	0.0	0.9998718770019218	0.0	0.00012810658467845247	0.0	93
refG	0.00024186721489902045	0.0	0.9995160314579552	0.00024186721489902045	0.0	93
refC	0.0	0.00023772732675621063	0.00023772732675621063	0.999524319181829	0.0	93
refN	0.0	0.0	0.0	0.0	1.0	93
refA	0.9997428975446716	0.0	0.00012851818532322323	0.00012851818532322323	0.0	94
refT	0.0	0.9996103390050656	0.0	0.00038950921838483513	0.0	94
refG	0.0	0.0	1.0	0.0	0.0	94
refC	0.0	0.0001201345506967804	0.0001201345506967804	0.9997596731554914	0.0	94
refN	0.0	0.0	0.0	0.0	1.0	94
refA	0.9997258396161754	0.0	0.00013704262025489926	0.0	0.00013704262025489926	95
refT	0.0	0.999874843554443	0.0	0.00012514078338130396	0.0	95
refG	0.0	0.00011890606420927467	0.9998810797954573	0.0	0.0	95
refC	0.00023719165085388995	0.00011859582542694497	0.0	0.9994066690399905	0.00023719165085388995	95
refN	0.0	0.0	0.0	0.0	1.0	95
refA	0.9996084062132881	0.0	0.00039144050104384135	0.0	0.0	96
refT	0.0	0.9996212599419265	0.0	0.00012619888944977284	0.0002523977788995457	96
refG	0.0	0.0	0.9995114802149487	0.0003662109375	0.0001220703125	96
refC	0.00012260912211868564	0.0	0.0	0.999877375843041	0.0	96
refN	0.0	0.0	0.0	0.0	1.0	96
refA	0.9993419320873914	0.0	0.0	0.0003945810864132579	0.00026305405760883863	97
refT	0.0	1.0	0.0	0.0	0.0	97
refG	0.00011610356437942645	0.00011610356437942645	0.999767738938567	0.0	0.0	97
refC	0.0	0.0	0.00023969319271332693	0.9995203836930455	0.00023969319271332693	97
refN	0.0	0.0	0.0	0.0	1.0	97
refA	0.9998665955176094	0.0	0.0	0.00013338668800853674	0.0	98
refT	0.0	1.0	0.0	0.0	0.0	98
refG	0.0	0.0	0.999877375843041	0.00012260912211868564	0.0	98
refC	0.0	0.0	0.00011708230886313078	0.9998829039812647	0.0	98
refN	0.0	0.0	0.0	0.0	1.0	98
refA	0.9997411003236246	0.0	0.00012941633234114146	0.00012941633234114146	0.0	99
refT	0.0	0.99974140160331	0.0	0.0002585315408479835	0.0	99
refG	0.0	0.0001278935925310142	0.9998720900486058	0.0	0.0	99
refC	0.0	0.0	0.0	0.9998827941865917	0.00011719207781553967	99
refN	0.0	0.0	0.0	0.0	1.0	99
refA	0.999734783185254	0.0	0.0	0.0	0.00026514649343762427	100
refT	0.0	1.0	0.0	0.0	0.0	100
refG	0.0003527751646284102	0.0	0.9996471003411364	0.0	0.0	100
refC	0.0	0.003913662239089184	0.00011859582542694497	0.9959514170040485	0.0	100
refN	0.0	0.0	0.0	0.0	1.0	100
